00110011001100111100110011001100001100000011001100000000110000000000001200000000120012000000120000120012001200121200120012001200,4534,-1
00110011001100111100110000001100001100110011001100000000110000000000001200000000120012001200120000120012000000121200120012001200,5645,-1
00110011001100111100110000001100000000110011001100000000110000000000000000000000120012000000120000120012001100121200120012001200,3423,-1
00110011001100111100110000001100000000000011001100001100110000000000000000000012120012000000000000120012001100121200120012001200,6574,-1
00110011001100111100110000001100000000000011000000001100110011000000000000000012120012000000120000120012001100001200120012001200,7665,-1
00110011001100111100110000001100000000000011000000001100000011000000000000000012120012000000110000120012001100001200120012001200,6554,-1
00110011001100111100110000000000000000000011001100001100000011000000000000000012120012001200110000120012000000001200120012000000,675645,-1
00110011001100111100110000000000000000000011001100000000000011000000000000000012000012001200110000120012000000001200120012000000,0514,-1
00110011000000111100110011000000000000000011001100000000000011000012000000000012000000001200110000120012000000001200120012000000,2514,-1
00110011000000111100000011000000000000110011001100000000000011000012000000000012000012001200110000000012000000001200120012000000,1625,-1
00110011000000111100000011000000000000110011001100000000000011000012000000000012000012001200000000000012000000001200120011000000,4756,-1
00110011000000111100000011000000000000110011001100000000000000000012000000000012000012001100000000000012000000001200120011000000,4554,-1
00110011000000111100000011000000000000110011001100000000000000000012000000000012000012000000000000120012001100000000120011000000,0716,-1
00110011000000111100000011000000000000110011000000000000000000000012000000110000000012000000000000120012001100000000120011000000,7463,-1
00110011000000111100000011000000000000110011000011000000000000000000001200110000000000000000000000120000001100000000120000000000,2534,-1
00110011000000111100000011000000000000110011000011000000000000000000001200000000000012001100000000000000001100000000120000000000,1625,-1
00110011000000111100000011000000000000000011000011000000000000000000000000000000000000001100000000000000001100000000120000000000,3423,-1
